114,11
114,10
114,8
114,1
114,7
113,2
112,2
111,2
108,1
108,3
108,2
107,1
107,3
107,2
106,4
106,3
106,2
106,1
106,0
105,4
105,1
105,3
105,2
104,6
104,5
104,4
104,1
104,3
104,2
103,5
103,4
103,1
103,3
102,2
100,1
100,17
99,6
99,5
99,4
99,1
99,3
99,2
97,1
97,3
96,1
96,4
91,1
91,3
91,2
90,1
90,4
90,2
89,5
89,4
18,1
89,1
18,3
89,3
89,2
88,4
14,4
88,1
13,4
88,3
13,3
88,2
87,2
84,7
84,6
84,5
84,4
84,1
84,3
84,2
81,1
81,3
80,4
80,1
80,3
75,5
75,4
75,1
75,3
75,2
74,9
74,8
74,7
74,6
74,5
74,4
74,1
74,3
74,2
65,6
65,5
65,4
65,1
65,3
63,2
55,5
55,4
55,1
55,3
55,2
51,5
51,4
51,1
51,3
51,2
39,13
39,12
39,11
39,10
39,9
39,8
39,7
39,6
39,5
39,4
39,1
39,3
2,2
39,2
2,1
38,2
2,3
37,2
36,2
31,4
31,1
31,3
31,2
30,9
30,8
30,7
30,6
30,5
30,4
30,1
30,3
30,2
14,68
14,67
14,66
14,34
14,29
14,28
14,21
14,19
14,18
14,16
14,15
14,14
14,13
14,6
14,3
14,2
14,1
13,1
13,5
0,557
0,554
0,552
0,548
0,469
0,388
0,387
0,385
0,316
0,312
0,306
0,278
0,243
0,9
0,0
329,34
329,33
329,32
329,31
329,30
329,29
329,28
329,27
329,26
329,25
329,24
329,23
329,22
329,21
329,20
329,19
329,18
329,17
329,16
329,15
329,14
329,13
329,12
329,11
329,10
329,9
329,8
329,7
329,6
329,5
329,4
329,3
329,2
329,0
0,462
0,461
0,450
0,472
0,471
0,476
0,475
0,276
0,478
0,477
0,275
0,272
0,271
0,464
0,12
0,395
0,10
0,470
0,8
0,485
0,460
0,268
0,484
0,459
0,267
0,518
0,458
0,266
0,540
0,457
0,265
0,506
0,456
0,264
0,482
0,455
0,263
0,558
0,454
0,262
